12802320.56 -307075465.853
12802320.56 -307075465.853
12802320.56 -307075465.853
12802320.56 -307075465.853
12802320.56 -307075465.853
12802320.56 -307075465.853
12802320.56 -307075465.853
12802320.56 -307075465.853
12802320.56 -307075465.853
12802320.56 -307075465.853
12802320.56 -307075465.853
12802320.56 -307075465.853
12802320.56 -307075465.853
12802320.56 -307075465.853
12802320.56 -307075465.853
12802320.56 -307075465.853
12802320.56 -307075465.853
12802320.56 -307075465.853
12802320.56 -307075465.853
12802320.56 -307075465.853
12802320.56 -307075465.853
12802320.56 -307075465.853
12802320.56 -307075465.853
